x y label
0.0420001859166 -0.129412400632 5
0.669758153983 -1.12511656879 0
3.02152445797 2.67748626357 4
-1.3237109682 0.383532326965 1
0.135670187827 0.364499033483 9
-0.131836336172 -1.09094784991 2
-0.260190194625 0.422462052164 1
0.067954509206 -0.147743723865 3
-0.449147839446 0.59716093155 1
2.12459458509 1.01986334495 4
0.125361109318 -0.214277949786 3
-0.530287676904 -0.0652808349636 5
0.254670341523 -0.260093231076 3
1.75627083382 0.111436416062 6
-1.24998752883 1.57667401686 1
0.427168088134 0.295530063158 7
-0.463361153369 -1.08979489879 2
-0.619981628547 -0.398827786019 8
0.0884767672413 -0.537938536466 6
0.195096476235 0.18013733876 9
-0.0376898139787 2.20281160763 4
0.795378927533 -1.3612873406 0
0.151672738108 0.153482155758 9
-1.36593132806 0.374298707239 1
0.0277805927625 -0.267043647186 1
-0.59488165641 -0.614378443002 2
0.00288037497849 0.247269976861 4
0.150303378929 -0.234628592284 3
0.338627379491 0.108297375542 2
0.200305406707 0.119062697025 7
0.278372476029 -0.247806200558 3
-1.80549963663 -1.01443514777 8
1.91651726027 0.435329523243 6
0.215984012466 0.166772451875 9
0.410001102933 -0.805742489891 0
-0.253650009436 -0.0105574329133 5
0.0894124696278 -0.524945492266 6
0.473716222988 -0.916723312522 0
-0.0787450304121 0.344944398048 7
1.10590248376 -0.0137061008616 6
-0.377891434312 0.34357768248 1
-0.554405828255 -0.43388926126 8
-0.028994654989 0.16800567274 7
0.0179627764534 0.0908949383393 9
0.132231370494 -0.140531055678 3
0.159048802187 0.295954900475 9
0.101535485182 -0.0491840568446 8
-0.128544982935 -0.073026432933 5
0.120186880963 -0.134558138738 9
0.0706342680839 -0.146546416211 3
0.190618573826 -0.266140526216 3
0.883232211897 -1.15960260405 0
0.346489502029 0.488795221853 7
0.0439667898091 0.0668389162397 4
1.19339303014 0.81599732824 9
0.196022252615 0.0634491452456 8
0.847591478836 -0.879032441016 0
0.175517853415 0.202159520632 9
-0.00639855544731 0.760150985534 4
-1.34616826052 0.445640085009 1
3.52500707725 7.96478618362 4
0.0881390115125 0.0667833275718 4
0.147160454749 -0.595604107556 6
0.871846474436 -1.32957362203 0
1.71615259573 1.40127408432 4
-0.687300331147 -0.17448418402 5
0.166818932654 -0.719005479484 6
-0.985710956974 0.566253591038 1
1.29934485026 -1.09923973198 0
0.490648226449 -0.76072043571 0
-0.00392094814119 -0.349920578101 1
0.453735092492 0.274936449931 7
-1.09417080881 1.15212174143 1
0.112650889159 -0.656076619957 6
0.138884838653 -0.176914602961 3
0.543337951757 -0.948846254377 0
-0.192007904892 -0.400547452611 2
-1.31711501049 0.591201878606 1
-0.572837579477 0.227501189956 1
0.232132004481 0.160061863314 7
0.433072943711 -0.585335604764 9
0.504548784927 -0.921985473484 0
-0.631006171927 -1.44090223861 2
0.103578175013 -0.832625895764 6
0.268850887604 0.424014369524 7
-0.510862047594 -0.442863316524 8
0.323024066605 -0.280388639811 3
0.355892557107 0.287935509065 9
0.818983835149 -0.879609063538 0
1.77786284821 0.888294473174 4
1.79544472874 0.121556440582 6
0.424473247159 0.304086480879 7
0.00619505681922 0.750393353482 4
0.129870737306 -0.744173074915 6
0.167827054415 0.0505824140001 8
0.503763865502 -0.85604854852 0
0.220711825082 0.30011125576 7
-0.819722980038 -0.577210030659 8
0.137611806651 -0.170105782597 3
-0.846492763618 0.378611628853 1
-0.0144851948509 -0.0143483094964 5
0.433835079316 0.453919921338 7
-1.40306078129 1.61736592075 1
0.290055517984 0.280590658565 7
-0.559535574256 0.958768218286 1
-0.491607173392 0.198802676297 1
1.55966746046 0.130473977205 6
0.143403388643 -0.269784979307 3
1.53354278105 -1.20346499566 0
-0.0249796386145 -0.683990762652 2
0.109591811317 1.0279564996 9
0.276159602168 -0.0918061860239 3
-0.390802342228 0.37600829496 1
-0.464789760951 0.135977574484 1
1.95819574498 -2.45513500566 0
1.2410042427 0.725941064585 4
0.140913491454 0.478246948098 9
-0.188580403227 -0.597764007369 2
0.667814508446 -0.91246432954 0
0.852178397255 -1.50939743105 0
0.31936299722 0.323802864149 2
1.16985343805 -1.25928038157 0
-0.375520771862 -0.637675289532 2
0.392574991716 0.25161100493 7
-1.2843615171 1.14067420167 1
-0.222118185489 -0.231544701106 8
1.50164050816 0.237399808013 6
2.32871124316 1.0667160506 4
-0.209753929704 0.181411070302 1
0.18977791304 -0.655292329527 6
0.121317058074 -0.172691139348 3
0.745662903421 0.394214021145 4
-0.0437024875931 -0.041644260405 5
0.18882003348 0.289076802812 9
-0.797308184478 2.25579162373 1
0.0970904623648 -0.213217148355 3
0.181582414349 -0.185362268608 3
0.143368940301 0.0560040009406 8
0.320488043343 -0.482616561997 5
0.0823433105628 0.156802117926 4
0.00214082092377 0.0630942727651 7
0.208257071514 0.129155049529 7
0.0723303309941 0.248247085168 4
-0.0587064005275 -0.591194397703 2
0.147417595463 -0.104318604403 8
-0.423939200051 -0.116131740002 5
-1.31479070059 -0.954140352295 8
0.0810081220927 -0.585661542226 6
0.141110036134 0.199827164929 7
0.191118396776 -0.201012596406 3
0.0216803305418 0.198281583392 4
0.109822655522 -0.726102639883 6
-0.616800355714 0.503883773911 1
0.191952937013 0.186818148926 9
0.28751513946 0.5349813914 9
0.162957682933 -0.75099775269 6
1.56795702482 -1.99479609137 0
0.0990747593591 -0.217520900624 3
0.387748404879 1.60176140514 7
-0.408684511305 -1.02388988888 2
0.0797645185871 -0.0605373612999 8
-0.532668865162 -0.513826538063 2
0.151683630326 0.486791539499 9
0.0930521648143 0.0855627064746 4
-0.00472674782016 1.71773828253 4
0.128594044293 -0.677781666742 6
0.072099705298 0.200673779117 4
0.811341753146 0.519026552983 9
0.0239345406633 0.0329352161879 7
0.461789269761 -0.772547743748 0
0.15533602384 0.527447826329 9
-0.358009892452 -0.801503057978 2
0.415253911725 0.520770182602 9
-0.498112771734 -0.0421103877887 5
-0.434788613134 0.356538835668 1
-0.29078915276 -0.0532908891752 5
-0.0720587945239 0.363709454726 9
-0.461814245292 0.19570543076 1
-1.12904448259 -3.18053544201 2
0.0597622411523 -0.122063231497 3
-0.11312817611 -0.359017428401 2
-0.0128409913888 -0.106119689993 3
0.374326807419 -0.498509338701 5
0.169088443744 0.259357164785 9
-0.427734544915 0.616021110853 1
0.399093953634 0.305713580052 7
3.3172391424 0.958215055994 6
-0.215099383413 -0.583286357649 2
0.207658150093 -0.0241489529634 8
-0.083947845922 -0.605479011545 2
-0.169500447921 -0.56039867011 2
-0.432322937415 -0.118014552646 5
0.596246206561 -0.887878702607 0
0.421144572648 0.306644858624 7
0.0396737484151 0.731673369593 4
0.18326551117 0.185811285128 9
0.330608332989 0.818719081013 7
-1.03059463267 -0.628968501809 8
0.206266563287 -0.205704259289 3
-0.0658389320274 -1.00640582723 2
-0.307598598013 0.480459273723 1
-1.27903684983 0.293225467819 1
-0.185479191562 -0.161845631644 8
0.059024222382 -0.143501009451 3
0.0771135924637 -0.47926593091 6
-1.15519295133 0.314632011394 1
1.1611332588 -1.20038502752 0
-0.43252464176 -0.318668262064 3
-0.316901472633 0.222076261656 1
1.14242619123 -1.15038390334 0
0.6186475314 -0.767058768496 0
-0.28078542688 0.183512375733 1
-0.072346376926 0.245328948482 7
-0.988390007871 -1.36653896182 2
0.30282678398 0.627188615827 7
0.150481099858 -0.276115940476 3
0.518767719542 -0.646190564985 0
0.0442207453813 0.408719813733 4
2.39542773282 0.523227492326 6
0.00988340448234 -0.0997873591043 5
-1.16941342763 -1.05168993261 2
2.02091997887 0.0971898946763 6
3.36985234949 4.19435288849 4
0.417459495615 0.34101744041 7
0.0116538257161 -0.0452651054691 1
-0.410033831048 -0.352710758351 8
-0.0824907943423 0.426989897395 9
0.172546154729 0.288005993536 9
-0.442630164629 1.25773937548 3
0.967257725287 -0.914938453613 0
0.284166299187 0.223035797129 7
-0.739703194052 0.58494895048 1
0.409231480143 -0.665960523895 0
-1.57825126658 -1.89851868981 2
0.576883327029 -0.828278052147 0
0.133645664215 -0.263949729535 3
-0.00157562015102 -0.0614654676485 5
0.0606668665361 0.373997613703 4
1.95200332842 0.220887585986 6
-0.213684154869 -0.0411010783603 5
-0.0823469675779 0.121916692889 8
3.25155542452 0.118689168999 6
0.214046789146 -0.341752562843 3
0.280233685945 0.321637585961 7
0.273318828564 -0.237795346072 5
-0.790491595811 -0.561499158195 8
1.17119215293 -1.06469424819 0
0.173203730444 0.269005222152 9
-0.267861902796 0.477934803514 1
1.28544739822 -1.12990453777 0
0.238133865447 -0.288606932546 3
-0.302311889189 0.199534990759 1
-0.152572273951 -0.529439943432 2
-1.66442068723 -3.16049733118 2
0.265148251114 -0.341630138713 3
0.111277762085 -0.240200415106 3
0.124037162979 -0.388945411557 6
1.3736602845 0.87015770658 4
0.238136419766 0.268892443446 7
-0.212935064351 -0.0301057097633 5
4.07290169491 -4.40480414473 0
0.102664189532 -0.772034854507 6
0.224803788562 -0.756839107574 2
0.376186626219 0.347470512186 7
-0.181875610835 1.43380728836 9
-1.33455133162 -0.935716101518 8
0.150092212751 -0.13148213629 5
-0.00977141526066 0.193376888535 9
0.0137705274036 0.0596006048747 2
-1.36782540585 0.858255565543 1
-1.80816888992 1.50198928823 1
0.0511544374081 0.245221815746 4
2.67426306847 1.63926168329 4
-0.22790696361 -0.0454680426908 5
0.178686371505 -0.546423747504 6
1.37124010427 0.97269475219 4
-0.515663503299 0.391033910811 1
-1.14170286189 -1.93943002291 2
0.230459963848 -0.444690900364 5
0.0665801189909 -0.145624409654 3
0.16743049019 0.28212740212 9
0.184427950994 -0.323029754176 3
-0.222444591454 1.21472662747 9
0.917674242833 -1.04854028588 0
0.42852038958 -0.420025840987 5
-0.00263676652875 0.156794956566 9
1.67847909439 0.131251753907 6
-0.303830248294 -0.0210638259233 5
0.240122240552 0.409517018331 7
0.0598394443862 0.27866758591 4
-0.718746233798 0.460768098196 1
0.116177463686 -0.245069125849 3
-0.0214631226072 0.286855996061 4
0.762465899484 -1.05181639051 0
4.10913046142 9.25627501238 4
-0.547985246286 -0.407365538295 8
0.659123356449 -0.876154731801 0
2.37104164394 1.34870029432 4
0.22601910886 -0.224703100738 3
2.30117933431 0.244035686643 6
0.0511610059417 -0.00995106348598 8
0.358900796432 0.306783608024 7
0.185949218307 -0.68446450726 6
0.703238737679 -1.11942627235 0
-0.0925024273297 0.35227026787 9
0.238134545646 0.203341784095 7
0.552266337472 -0.507181227476 5
0.239953161896 0.235382136084 7
-1.48107634877 -2.2802220325 2
-1.70366037689 0.926327307193 1
-0.40023044254 0.384629289977 1
1.70929482266 0.0796869504039 6
0.175863852862 -0.0358629435918 8
0.0458252537448 0.142486713392 9
2.72614551366 2.04319957857 4
-0.741364717686 0.289533353572 1
0.371422899857 -0.329031232716 5
-1.82386755402 -2.82374011268 2
-0.137753094044 -0.62649028763 2
0.169416017676 0.190428439664 9
0.523159865113 -0.783125279385 0
0.133847787753 -0.275817509815 3
0.116901559566 0.865692860948 9
2.27026203468 0.131809642023 6
0.207503344501 0.383574263421 7
-2.47278702515 -2.99172434562 2
0.600202239121 -0.919408361102 0
0.120958976977 -0.269456246429 3
0.0192332343362 -0.0864427754303 5
0.0844684401881 0.264462599336 4
0.191712344983 -0.268208050052 3
0.070097477465 -0.664497837852 6
0.0538241833949 -0.0883506616755 5
0.161659075284 -0.0450647816357 8
0.0958526371965 0.677410647398 9
-0.264135718142 -0.0326707671157 5
0.0366687943953 0.267097261568 4
0.396952475821 0.314542274342 7
0.0732535674102 0.347821629021 4
-1.76750411877 -2.36807779914 2
-0.0343680724284 0.364005433933 7
0.107077181003 -0.218788874138 3
0.0151733194177 0.246933455737 4
-0.873451295016 -0.569732666748 8
0.11376345108 0.632625789495 9
-0.806029000401 0.300800358276 1
0.0559245495583 -0.146456178102 9
-1.65433419976 -2.93095149723 2
0.102049825529 -0.0404921858507 8
0.341183787071 0.312977024728 7
0.131415999809 0.537551551357 9
-0.777827794 0.248159550243 1
0.406488315452 -0.370546974779 8
0.257031672122 0.227629764893 7
-0.0434380168696 0.368423239923 4
-0.661126989104 0.184240901338 1
0.134675443653 -0.173597014166 3
-0.53453626355 0.191980754939 1
-0.778012017209 1.16073497753 1
0.832483828373 -1.13648390744 0
-0.162192397024 -0.435811218074 2
0.0717336177313 -0.156793414207 3
0.126401300208 0.416680349786 9
0.0681684831513 0.128772123802 4
0.0723776219443 0.266964860966 9
-1.20607520753 -1.42031471174 2
-1.08924294943 1.04221750811 1
1.87927607432 0.090398126666 6
-0.0506921501298 -0.141520002017 8
0.0714259849962 0.291400001449 4
-0.0441594349965 0.12204794613 7
0.384899941612 0.412566936252 7
0.0213036438899 0.30701582307 4
0.0742179378395 0.193876158577 4
-0.0742371656295 0.522806770293 9
-2.7688578624 -3.41691179221 2
0.0581513566019 -0.0679462557806 5
0.41180508058 0.318425442949 7
-0.34638301372 -0.697728466 2
0.0785721748855 0.137167956807 4
4.5185272877 3.84129150842 4
-1.61191718016 -1.88977318852 2
-0.390117490717 0.488034363585 1
0.154252916698 0.232231912292 9
-0.0393342357614 0.305131940128 7
-2.60059551118 -2.77776488548 2
0.33341462324 -0.198955705678 8
0.297082343364 0.249948027379 7
0.0537256094219 -0.402881850604 6
0.164593744468 0.231356270765 9
-0.291724124728 -0.463467113457 2
0.0182646388347 -2.18436039794 2
0.227556627717 -0.232245976619 3
-1.45418492234 -0.873422271224 8
-0.940850514174 1.50492249274 1
0.106309838807 -0.785840384956 6
0.0342979122903 -0.0956333604745 5
-1.26222187276 0.429466627418 1
-0.422335122693 0.507354261657 1
0.737703308614 -1.29673580914 0
-0.316392604229 -0.678051153068 2
0.115384455614 -0.582967813624 6
1.70250854489 1.16725962254 4
-0.0670543850215 -0.0594265550393 5
0.21292740506 -0.219180639606 8
0.190965564102 -0.33628484569 3
-0.431171807827 0.710692033648 1
-0.0869056768369 -0.0514015291863 5
-0.493024996636 0.442004131483 1
0.167280734656 0.188606680658 9
-0.182599610967 -0.600766172843 2
0.25905631467 0.208211811195 7
-0.00127860185345 0.159573085843 4
0.0865306039522 0.226702567505 4
-0.0426198231479 0.5796775113 4
-2.7166677904 -1.53266632298 8
-0.35374658399 0.169733005628 1
-0.498430467524 -0.0727821238858 5
-0.998696916408 -0.13555894026 8
0.175870593289 0.216563297514 9
-0.0102864575498 -0.0023623051277 5
0.125370502117 -0.753352545128 6
0.059279525462 0.174659560694 7
0.180164366675 0.189989655677 9
-0.325100597987 1.28058468836 9
0.0522274505565 -0.148473881721 3
0.395205240273 0.596350335947 7
0.720399694227 -1.21655798113 0
-0.0892500377466 0.527143538879 9
0.982970285361 -1.12162259499 0
0.106499547865 -0.566460952622 6
1.81849737852 0.215909345576 6
-0.70990235008 -1.30196488459 2
0.116578550465 -0.24369635365 3
0.104735576252 1.00153448597 9
1.23051622296 -1.51536066561 0
0.188114935896 0.432569280195 7
-0.323443167987 -0.0178693867111 5
0.0152105985466 0.646367043701 4
-1.45685444312 -0.83710789364 8
0.920523894626 -0.864792806114 0
0.180769689642 0.265104772887 9
0.0319302093821 0.341224525909 4
-1.0670396261 0.346606046986 1
-0.275977733048 0.578980917197 2
-1.00363334745 -0.689744266354 8
0.568577695777 0.822705403785 7
-1.11123776256 0.344081045514 1
-0.908177292897 -1.58035873377 2
0.513484036418 -0.515822655755 6
-0.440088843047 0.378030650953 1
0.446675151853 -0.752797552732 0
0.306799592669 -0.375200399849 3
1.12365689771 -1.85415910007 0
-0.463330958746 0.481338672647 1
-0.829129919322 0.334080214064 1
-0.0546368266444 -0.110090791184 8
-1.42525076799 -2.2521840334 2
0.853689201755 -0.974708998809 0
0.0987028613451 -0.0583529911453 3
0.126301287972 0.707393778209 9
3.89050362359 2.0550194266 4
1.97609958739 -2.33173887388 0
-0.460453462333 -0.110296176541 5
1.32490636101 -0.991830387168 0
0.166679765639 -0.922343423443 6
-0.903282274949 0.482198741225 1
0.345173472131 0.244397143088 7
0.413811453383 1.3360679244 7
0.303588739916 0.120781755764 8
-0.580892775801 0.827743813527 1
0.325428132182 0.224529199651 9
-0.101809769764 -0.384713630995 2
1.06702247659 -1.93248460305 0
0.0227742900371 -0.0855033289995 5
-2.38996769415 0.712943972354 1
-0.0560895939679 -0.986866549534 2
-0.904980001322 -1.90733614188 2
-0.043247443571 0.142478200251 7
0.0952168740742 -0.155200265532 3
0.0269787034163 -0.0625187024472 5
2.34599318681 1.14579202276 4
0.119906970037 0.320792995821 9
0.350536988801 0.199751814402 7
-0.431736755509 0.492836859346 1
-2.01896095408 -1.19456665046 8
0.287458294026 -0.266751524257 3
0.201298645923 0.120775079785 9
5.3797948496 1.35637645328 6
2.10918660342 -3.95390118825 0
0.242058596708 -0.304004907138 3
-4.30492101936 0.0246850111169 1
-0.560446991554 0.205047289787 1
-1.39344451113 -2.94314876426 2
0.743812103512 -0.75306145808 6
0.253377740557 -0.360701275234 3
0.303519690756 -0.537157387138 5
-0.261107713026 -0.199572290062 7
0.0841790572814 -0.506130427587 6
-0.551146023968 -0.451803145801 8
0.239127640393 0.520610343364 3
0.511244083314 0.237345976869 9
0.0397650052051 -0.0449749208309 5
-0.400166303446 -0.250595224155 8
0.315337255011 -0.387044759311 5
0.389913343766 0.330980976551 7
3.41351206878 0.148413792511 6
-1.43859837639 0.360468151773 1
-1.65489069797 0.286250449794 1
-0.0981525404101 -0.0863944207512 3
-1.51795594167 0.902407077174 1
0.282565813958 0.146895229056 7
0.0241922762188 -0.0670577619353 5
-0.341082666709 -0.0829875990006 5
0.168878622465 -0.302589305839 5
-1.18606319627 -3.50316961438 2
0.308824227572 -0.216662123471 5
-0.70821073327 -0.549620175063 8
0.00562228434075 0.0800131107749 7
0.963088130371 -1.91251211786 0
0.120166642279 0.573152460617 9
0.449639593306 0.330976856503 7
0.303084211825 0.364526107559 7
-0.460429634337 -0.0848739634239 5
0.920635684055 -1.0061070217 0
0.190099892475 0.152413108701 9
0.976856952034 -0.94257620589 0
0.525460248327 -1.35929534246 0
0.314955077281 -0.169015852541 8
0.175866623252 0.108953635981 9
-0.488402791808 -0.900219951662 2
2.52529479892 1.1005939455 4
0.154502512541 -0.109939851031 8
-4.89221727563 -0.449068400604 1
4.42155916152 1.35198788975 6
-2.27436328686 0.0716684412446 1
2.27135151708 0.531348390217 6
-0.237760922487 -0.0417975543488 5
-1.70885020915 0.961922723554 1
0.19859693087 0.0243526719611 8
0.0148862364734 -0.031423758929 3
1.1691784229 0.636212307128 4
0.467882490574 -0.780004625789 0
-0.0666965657098 -0.0573397911059 5
0.232918102747 -0.349916904281 5
-0.604845247921 -0.454341072904 8
0.192056988278 -0.266008493124 3
0.072397873987 -0.0510581850038 6
-0.746409103282 -1.70419746945 2
0.09069625306 -0.207642475151 3
0.126105486156 0.580772505065 9
-1.36851639771 -2.71201558243 2
-0.1010830218 0.0396396945478 1
-1.74308888871 0.57186718415 1
0.420603101752 -0.35733651153 5
-1.45675647161 -2.19303802143 2
-0.193330252076 0.169817115683 1
0.145400932087 -0.303703322366 3
-0.0163978052127 -0.538743837867 2
-0.13464234647 -0.134551830399 8
0.0150808328678 0.0499880442989 7
0.157514275484 -0.337578576647 3
0.334400974924 0.533804346382 7
-3.98413490756 -3.3669974939 2
0.0709976467944 0.376464679469 4
0.182615725392 -0.90478388548 6
-0.0282153204885 0.349623274354 9
0.320511094803 0.198757998712 7
-0.587629655379 -0.955962370246 2
2.60634711029 1.21268528251 4
-0.332997751969 -0.964038877671 2
-0.978064486503 -0.657833172693 8
-0.277435847235 0.264126092774 1
-1.18151939316 0.361882426396 1
-0.0100228853087 0.0130423493996 3
-1.2674495475 -0.72597052216 8
-0.0946147281918 0.438842504922 4
0.949602842106 -1.77432822977 0
0.0270086322335 -0.351884825327 6
-0.207472756582 -0.0904880204071 5
0.145651208513 0.513498620598 9
0.0846805995658 -0.211295102851 3
0.514708114968 -0.63689122039 0
0.199348869542 0.122164362836 9
-0.464237044269 -1.09241609217 2
1.86312717251 0.917546002593 4
0.299652476177 0.186108247766 7
-3.1273712869 0.506382761295 1
0.0185629735059 0.0181483755683 2
1.00312618288 0.528169546158 9
0.0123467319366 0.213223641748 4
-1.84734586708 -3.18032743508 2
6.01478195577 1.9887290409 6
-1.89037559465 0.390707854269 1
0.141205985793 -0.133131317958 8
0.194900650536 0.133833203796 9
0.733358809849 -0.717229596107 0
0.259614402826 -0.838516538139 6
0.100358894113 -0.839404503345 6
0.299833250686 0.182067583845 7
-0.00982706063507 0.183751806873 9
0.783726066148 0.368485474919 9
0.227767885723 -0.269997917171 8
0.606079099657 -1.35067757531 0
-0.6342253509 0.43367875249 1
1.8422866556 0.771067430421 4
-0.254755163985 4.18498664749 4
0.260960489355 -0.899791041152 6
0.187753379403 0.767751602598 7
-1.15600199109 0.302428288976 1
-0.0218468468843 0.982022209803 5
0.246456982423 0.134475136769 7
0.615739003401 -0.767157420213 0
0.0649756123128 -0.15564808119 3
-0.442010182027 -0.0627962616098 5
0.293530195636 0.105695730892 8
0.0486097761468 0.902630941642 4
0.310802355834 0.197273707683 7
-0.883691531142 1.17101721233 1
-1.81811197369 -2.69084833757 2
0.441342710982 -0.49556283422 5
0.815516989889 0.474481091645 9
0.454636109759 -0.474650060785 5
0.208593608241 -0.665629182559 6
0.268231789915 0.313918621549 7
0.00829683813218 -0.0781633298837 5
0.676522543734 0.522325348246 9
0.392674800763 0.146327024199 8
0.168433955679 -0.130179548866 8
0.0501274965034 -0.153848932983 3
0.0315274665539 -0.393203319732 6
0.844416182631 0.384535577129 9
0.394926622708 0.519798353836 7
0.560682977936 -1.2350941623 0
-0.0114590234796 0.0991187283017 7
0.039498366667 -1.76393487487 5
0.228031657781 0.265837453962 7
-2.51102589803 0.505002731426 1
-0.381474595751 0.475982534468 1
0.66146425584 -1.15250335407 0
0.363711066331 0.72642701361 7
0.1881448621 0.112719848073 9
-1.27480080067 -1.64870116061 2
0.142349875795 -0.274833324889 3
-0.219201160407 0.107664669088 7
0.0645454416612 -0.137992015919 3
-0.267369101101 -0.45306928774 2
2.15773065919 0.925237442807 4
-1.32904873287 0.896222155274 1
0.242423154919 -0.817620619599 6
-0.054922458708 -0.391991687066 2
0.34054730027 0.211665556587 7
0.0265275993077 -0.129852190368 5
-0.0381436029722 -0.0585904991196 5
0.23598308387 0.355913305689 7
1.8740373288 0.89378287921 4
0.480157040164 -0.849901562131 0
-2.80446067332 -2.13031749864 2
3.47439384354 0.125580455023 6
-0.398897142028 -0.301389267326 3
0.0437553425291 -0.467147111682 6
0.0797451184617 0.0254670110244 4
0.578923988553 -0.834184596621 0
1.92995781966 0.920422393601 4
-0.0555129203267 -0.547212766346 2
0.348406337914 -1.15119545425 6
0.41875453275 -0.750704908022 0
0.63961264565 -1.74352548985 0
0.655318861154 -0.721000902246 0
0.699092053211 -1.24345877881 0
0.678319515775 -0.55524584684 3
-0.649886128919 0.17171582751 1
0.160112859333 -0.625740521009 6
-1.17551435377 -1.87459790062 2
-0.0462701802125 -0.325010794334 2
0.16066588516 -0.274214574639 3
-0.419487605672 0.307350940244 1
2.29289731139 1.41347279048 4
-0.331155027077 0.342751571239 1
0.253152808465 -0.484284950386 5
1.88996790523 1.12004532555 4
0.121224806733 -0.97669050353 6
-0.0907762789131 1.02631622231 4
0.321882585476 0.236058847633 7
-0.628915997403 -1.07610031832 2
-0.694148750668 -0.416473413131 8
0.283723918169 0.697782774685 7
0.138355760135 0.316900321015 9
-0.105714616561 -0.470162993014 2
0.701058441476 -1.24160295148 0
0.0700134770242 -0.0901256161547 5
-0.633728931555 0.185668018835 1
0.0464545454286 0.666460188451 4
-0.128429288302 -1.08444768586 2
0.0696693930165 -0.0586218406353 8
0.116015767685 -0.248015808507 3
-0.478055470189 -0.599065564354 2
2.02739234806 1.13972988395 4
-0.682916754728 0.272509006875 1
0.270274627941 -0.469065296193 5
2.28792805165 1.25181633447 4
0.952641322558 -0.409332183576 6
0.586824773486 -0.849435014999 0
0.447283987392 0.333760572981 7
0.524628772308 1.22994936357 9
-1.59745148171 -0.878385861312 8
-0.0937516336273 1.55047818171 4
0.164279041792 0.235295463792 9
0.0938893782227 -0.0858808442522 8
0.912222928967 -1.52773623251 0
-0.569562429286 0.627725683942 1
-1.16526668909 0.223827836935 1
0.4546349156 -1.00859636637 0
-2.04544223441 -2.47348355271 2
-0.19993691529 -0.518195673878 2
0.128631690442 -0.27033428799 3
-0.710909284645 -1.33182643938 2
2.14963184202 1.14229338386 4
0.0782301570152 0.633479617671 4
0.344168285323 -0.468236185704 5
-0.108792707557 0.209211951079 8
0.206006196488 -0.978690406498 6
0.396034810399 -0.305481865065 5
0.381406312491 0.245762072607 7
0.296271824531 0.560343733936 7
-1.04524814245 -0.60254742204 8
0.134457507723 -0.110584032399 8
0.14095967917 0.282041083613 9
0.217901474223 0.198507742347 7
2.13505700894 1.29238030549 4
0.212621185114 0.364861742579 7
0.113621382327 -0.255548698865 3
-0.271604351241 -0.510790989001 2
0.925888547158 -1.58710878519 0
0.208123819484 -0.0770009340824 8
0.207259055472 -0.894804909565 6
0.154452152449 -0.142460530836 8
0.269206370111 -0.983158466769 6
-0.445998508872 0.718619487685 1
0.206796135568 -1.05153004648 6
0.0727043055891 -0.0855006854856 8
1.31616703493 0.874007038464 9
1.40455095593 1.31870350199 4
0.88828385967 -1.66790356741 0
-0.0250753844086 0.26306447482 9
0.744614084565 -1.5799036798 0
-0.0255887522215 0.175978361212 4
-1.41951224448 0.362813348473 1
0.118984253009 -0.146919081169 5
0.922752941186 0.52425336203 4
0.202497519816 0.470871166712 7
0.210011366179 -0.410898948038 5
0.192449874808 -0.213552784184 3
0.399147564305 0.241094872526 7
0.00545603008633 0.178393726531 4
1.00654860062 0.592880048036 9
0.309683041747 0.00297084187294 8
0.248766371597 -0.509306353423 5
0.189452438576 -0.0372029403166 8
0.26402709066 -1.20771307833 6
0.310335714205 -0.248556082652 3
-1.29986555819 -0.85653963559 8
3.32058488911 0.98683751673 6
1.23370964152 0.91490202325 9
0.0124383787987 1.96399637983 9
-0.568019116724 0.207017240621 1
0.148829589405 -0.0310093975742 8
0.134447655848 -0.237165918011 3
0.272804843333 -0.43138602785 5
-1.00059086177 -0.60065364222 8
7.2022152557 -1.90391305887 6
0.0061576273627 -0.0949474332624 5
1.33723948822 0.841973021704 9
0.275353562659 0.302121157571 7
-1.2224827745 -2.41903689551 2
0.0971634061974 -0.321347167612 5
0.367611519973 -0.660838144195 0
-1.62923774653 -1.11230613126 8
-0.0186281925814 0.31617737729 5
-1.28452357995 0.395770219351 1
-0.738543015771 0.969161249646 1
0.90055476626 -1.6809898441 0
0.968748003389 0.821607603043 9
-1.19873631692 0.313713027955 1
0.0186932022534 -0.186385504047 8
0.230294334217 -0.865364114389 6
-0.0338849369277 0.357630043157 7
0.976868449752 -1.59481911249 0
0.0550869088123 0.267749283432 9
0.135287982075 -0.264838128391 3
1.05800713288 -1.30912681622 0
-0.925326276894 -0.607749060843 8
0.285397918888 -0.187791545743 8
1.00891858693 0.714294448328 9
0.247287687706 -0.790304455956 6
0.263836420594 0.178629101696 7
-0.336919561848 -0.327190460505 8
0.108761397561 0.180230624771 4
0.248084930023 0.412955801544 7
0.22449611359 -0.45624451841 5
0.106838481633 0.428040379437 9
-0.0158714031794 -1.05302468959 2
1.9474726625 0.413829518179 6
0.285832811231 0.179041905919 7
1.85467703992 2.30481926073 4
0.210281674641 -0.42371641221 5
0.12917482639 0.452024188467 9
-0.12880716686 -0.862312186686 2
-0.160964311946 0.316418786224 3
-1.22547010878 0.550079684228 1
2.39730730571 0.607171322904 6
0.10540167268 -0.2492624844 3
0.143671299696 0.57502408751 9
-0.047935571567 -1.08734764306 2
-0.51327915741 -0.66642366709 2
0.27997870577 -0.500913000936 5
0.109723655676 -0.611497285571 6
-0.378010357319 -0.288493306058 8
0.689983558179 -1.00255899949 0
0.312701743774 0.293799617499 7
0.231044352549 0.824887702021 7
-1.14246049439 0.116392285806 1
0.00774749877796 0.10670191897 9
-1.03553635845 -0.668680613256 8
-0.0920748017503 0.286448010704 7
0.668361469371 -1.41376171141 0
0.269444044543 3.9615874474 9
0.141416778113 0.193219303008 9
3.85373550873 6.89533081552 4
0.221844309735 -0.853476782657 6
-0.247470695765 -0.507089085166 2
-1.25987655325 -0.873267399735 8
0.110527955078 -0.239227227561 5
-0.686273663153 0.252073391977 1
0.0323450946988 0.369391500231 4
-1.06674896948 0.397691124657 1
0.34343775524 -0.509409865542 5
0.247282960963 -0.475203482519 5
-0.395162019601 0.334947976112 1
0.29743039382 0.221636508531 7
0.140265852719 -0.209070074127 3
0.186330347815 -0.85285603347 6
-0.0178265206788 1.26571299281 4
0.0597677488385 -0.197123173737 3
-1.21937303592 -2.5162924771 2
0.222201434686 -0.442788924574 5
0.319009418378 -0.187147575497 6
3.95030534606 2.02027428651 4
-0.0621349573583 1.81039164805 4
0.554321241011 -1.16206248555 0
0.0103764706576 -0.575451452548 4
2.75681852561 1.60305268792 4
0.114243573707 -0.476115647731 6
0.285154703207 0.222093395054 7
0.153868536199 0.560926180988 2
2.57414402027 1.42159023883 4
0.121799733295 -0.181478315966 3
0.141982045151 -0.311811472083 3
0.107205480397 0.0246838796177 8
0.70109329596 -1.38300304862 0
0.661518226425 -1.13265036822 0
0.0971004844809 -0.221696931407 3
-0.266664256041 -0.65452460249 2
-0.0896740604097 -0.890403706252 2
0.00351236938601 0.0891659671465 9
-1.17598113326 -0.698949348968 8
0.117804281602 -0.140614623548 2
0.137127721869 -0.290191758265 3
0.289042286009 0.387249694964 7
0.56452659383 -1.11373780927 0
-0.309242997335 0.617447057439 1
-1.3063643496 0.483709134284 1
0.964005089123 -0.796579655135 0
-0.934865743602 -2.02344409309 2
0.248922460905 -0.290475981385 3
0.363829184152 -0.304928121588 3
0.0777189598023 -0.0689047507479 8
2.82644105988 1.91336309149 4
-0.00977371156676 -0.000585339438531 3
-0.718049273542 -0.136229115242 5
0.304716174 0.243635203488 7
0.126817985772 -0.734487562913 6
2.3664541733 3.21841774857 4
0.384079972982 0.427295973888 7
-0.0718687406368 0.0750929212187 7
-0.949063652543 -0.58160752984 8
0.369252027619 -0.336498814544 5
1.02932631444 0.66579305009 9
0.215345442313 0.296477441731 7
0.826713148663 -1.92038613699 0
0.200278416137 -0.280864924865 3
-1.31753250112 0.435414401275 1
0.0396148450411 -0.395572605004 6
-2.07814934754 -3.1236652077 2
0.0326901125969 0.119170598534 4
0.316952505863 -0.409100664416 3
1.88057535591 0.962033958281 4
2.17576194138 1.3293136545 4
0.227148210479 0.344696927712 7
-0.430292743407 -0.0325034952428 5
-0.00826446837025 0.198263044733 9
0.180537181019 -0.806308028396 6
0.700528849103 -1.03255210004 9
0.632669249217 -1.49809568782 0
0.249623178829 0.533491270292 7
-1.47089516951 0.31528105683 1
-0.0358239836848 0.636741339963 4
-1.48954910507 -2.99410488738 2
0.352858047928 0.696806672657 7
0.223671468333 -0.368479724549 3
1.97544414796 -0.234698865578 6
0.377407748404 0.233232990703 7
0.0173888848268 -0.0633733358777 5
-2.6258986883 -1.28403447849 8
2.23414958684 1.88353387049 4
-0.51647857758 -0.116340521184 5
0.312990915525 -0.247318738995 5
-0.625355126777 -2.91483712076 2
0.235764276355 0.145872774004 7
-1.75983527568 0.557170251904 1
-0.19070373252 0.110950635545 1
-0.456228696862 -0.103348851892 5
0.0492407512496 -0.365370805997 6
-1.72463193498 -1.05643242852 8
0.450419962495 -0.385846291652 5
-0.356742829334 -0.284170769088 8
-0.0051943367806 1.52475583308 4
0.588298990479 -1.1199563814 0
0.319149592036 0.29304386825 7
0.980136744854 0.696194195605 9
1.07910994549 0.705326517958 9
-1.1821410029 -3.6659760055 2
-0.123757412701 0.791845251583 9
0.452899344528 0.321692955584 7
0.328154114329 0.357043436147 7
-1.65438044315 -0.494453290208 8
-0.0651611094589 0.206793506618 7
1.96536711874 0.961034352477 4
-0.27755247882 -0.422209342598 2
0.255324299225 -0.697748669422 6
0.100467836891 0.814416884871 9
-2.96845435933 1.08243824245 1
0.384792110245 0.369790435377 7
0.403167332428 -1.00105948212 0
2.4400644684 0.00773239381663 6
0.0900313383023 0.167786660975 4
-0.932297781333 -0.868793360505 2
-0.685702633967 -0.155133514311 5
0.220749168982 0.145840245778 7
0.624546862561 -1.1537534156 0
0.248526842614 0.320103915389 7
-2.2678043582 0.582580263308 1
0.467699320679 -0.736729983052 0
0.0869518867929 -0.135123912294 3
0.374369332456 0.299226795083 7
0.217960758068 -0.724055279779 6
0.271574859973 -0.467280617103 5
0.48171749849 -1.03768414022 0
0.337097687973 -0.473810757138 6
-0.561462132258 0.112571022252 1
0.034216403393 -0.0780442879944 5
-3.11625936308 1.18136750151 1
0.274038319434 0.383028445062 7
-0.851416572933 -0.51271478096 8
-0.0304762998376 -0.0677415460116 5
0.688444310592 -1.41431966493 0
2.27249207244 0.427019539119 3
1.92731272898 1.1256341555 4
-0.051146577304 0.195283466153 7
0.342488882154 0.331079075689 7
0.411454204926 -0.488616445849 5
0.414815390465 0.239197942115 7
0.270269524589 0.0308431124078 8
0.234239151683 -0.75987268661 6
0.126358892271 -0.0985760767982 9
0.214346047831 -0.329219744515 3
0.158370237687 0.000252339348181 8
0.338474312828 -0.982915086766 6
-0.79056018556 1.29033050796 1
0.5013610999 -1.09707640528 0
0.000317001396745 0.253781152387 9
0.394380237456 0.272250743645 7
-0.224814986384 0.241395632757 1
0.0736217405972 -0.127220318134 3
0.96150056272 -0.833264344263 0
-0.351157815172 -0.0597520876791 5
4.29845026322 0.635931022761 6
1.88120038826 0.997890859472 4
0.0616940713078 0.471469368396 4
-1.88140615724 -3.63511986919 2
1.24801113418 2.6245432341 4
1.19926025872 0.879237824191 4
0.237495795319 -0.303334044604 3
-3.15684339352 1.16467991239 1
0.335571913772 0.46009281744 7
0.495418890351 0.330470593182 7
0.0493762201127 -0.468171439857 6
0.578860009226 -1.32499601455 0
0.218580570796 -0.303640243457 3
0.32485773533 -0.904617827058 6
0.514659126494 -0.797430077519 0
0.453016127031 0.278639038544 7
-0.412907291452 0.491360468488 1
-4.26862898303 1.00729546005 1
-0.0972939207432 0.549703680917 4
1.03815782682 0.657654997589 9
0.00339794055947 0.476424906075 4
0.00642843995142 0.0888857448968 3
3.68031316668 2.08281428714 4
-1.76479367765 -0.703006129923 8
-1.10026804633 -2.08630537875 2
-1.27270914981 -3.91951344619 2
-0.805696183935 0.61295002958 1
-2.20271286489 -0.948088337605 8
0.196949864328 0.600660665522 7
0.752233510402 -1.55664012373 0
0.115749900403 -0.0460651238922 8
-2.89741564087 1.21100149999 1
0.615880527414 -0.74158488655 0
0.472070199154 0.437122077582 7
0.104734120039 -0.501399535821 6
0.175936876902 -0.360797639968 3
0.13176572325 0.197581487948 7
0.368089236491 0.278380788873 7
-0.556945217668 2.57416747894 5
-0.472857908616 -0.333278811061 8
0.133428047071 -0.0255937154214 8
0.0300495696877 0.0855139948543 9
1.47030199076 -1.25766619709 0
0.771637086574 -1.66040021723 0
0.260845116499 -1.62182363152 4
-1.04583802037 0.34871573045 1
0.064678103073 -0.135871715295 5
-2.37776567069 -2.13350303583 2
-0.809773732068 -1.53333050076 2
0.0818029042136 -0.0766270289351 3
0.798946477696 0.385555562214 9
0.113596366339 0.152691754274 4
0.705733627466 1.02559717739 9
0.127454108058 -0.31776116504 5
1.15320133649 -1.21613135805 0
0.25343254636 -0.778675230435 6
-0.0817091391618 0.257467146778 7
0.436509390246 0.348893769633 7
-0.482171777467 0.31491242067 1
0.106180720139 -0.202984204991 8
0.738936227327 -0.77152697605 0
-0.0774995724167 -0.284972401095 2
-0.434488795826 -1.22978411928 2
0.846649744267 -1.44865996793 0
0.200254421199 1.54304423627 4
-1.56853335345 0.459273870076 1
-0.864086920545 0.954333664824 1
-2.68334245019 -2.12823947891 2
0.328930104849 0.393734129904 7
0.208477770553 -0.42853542618 3
-0.0288881974677 0.375419122732 9
0.307182166806 0.168328895246 7
-0.19134881997 -0.391820925945 2
-0.0490067375955 -0.163752155479 8
-0.366068531223 0.353818840498 1
0.178593217338 0.186081658286 9
0.0267810980099 -0.0968211965485 5
0.0944741070854 -0.0111771964874 8
0.168505099228 -0.131188794432 8
-1.92552465929 1.07552806206 1
0.169478467839 0.128386083427 9
-0.785150125606 -0.661217533515 8
0.138320822988 -0.191606299487 3
-2.95700957863 0.152477815688 1
0.0465355176852 -0.274955144107 6
0.118948933826 -0.309429363436 5
0.253071693946 0.424359646277 7
1.96259337126 0.986218819822 4
-0.517865245495 -0.634303702388 2
0.943470109264 1.17724272589 7
0.519685549997 -0.666368063244 0
0.216102269708 -0.392140668413 3
1.06520264358 -1.26986241643 0
-0.479060046762 0.214278853292 4
-0.80017799543 0.400547092292 1
-0.916957156039 0.438224705243 1
0.311290839816 0.230192085664 7
0.908299154717 0.721711661258 9
-0.942540153743 0.909420805365 1
-2.08243784296 0.749584644229 1
0.108939507666 -0.0852415257435 8
0.241494042523 -0.498730159175 5
0.0268608692568 0.100912286616 7
-0.374372313357 -0.0192621790792 5
0.910492517375 -1.28582292951 0
0.186282344008 -0.901518800841 6
0.0742516606295 -0.615806720867 6
1.02764289833 -1.58822278793 0
-0.043933254768 0.470424587576 4
-1.40172180532 0.575095365313 1
-0.341904516182 -0.945164691451 2
0.187856258995 -0.358577342253 3
-0.01020051034 0.407457528239 4
1.80332723905 0.821054920644 4
0.0632361903983 -0.389332917728 6
0.162909477245 0.0190702356602 8
1.17504846821 -1.27361356282 0
0.144809474262 0.218831836841 9
0.268932839957 -0.445198489267 5
0.206969821823 -0.00999449665562 8
0.0216958881283 0.053352866242 7
0.716744237518 -1.31690792014 0
0.377409021854 -0.354772985617 3
-0.0098324641887 -0.124854170669 5
-0.0530150575985 0.4621785236 4
0.188441511739 -0.489511122757 5
0.145854751534 0.488241271393 9
0.154430193003 -0.524559849507 6
0.348111766795 0.426282224464 7
-2.43854591599 0.570470743663 1
0.0994789309479 0.595874047224 9
0.149955876331 -0.485148487863 6
-1.36879555478 1.06471855786 1
0.201692916063 -0.402548535462 3
0.225754445521 -0.178480853467 8
0.490140637473 -1.22356740032 3
0.167201823864 0.335333357632 9
-4.83818011078 0.745680965936 1
-1.05439408167 -2.42672044458 2
0.460733104173 0.298260132159 7
0.233803646099 0.209275405737 7
0.361947103614 0.0187514206353 7
0.635394501699 -0.724391127372 0
-1.64926306899 -1.9642908426 2
0.134458578607 -0.162000876597 3
-3.33966783863 1.02485634652 1
-1.36865502875 1.18521386886 1
0.29006568139 0.204731577175 4
-0.310467827421 -1.02273121757 2
0.161780021216 -0.411941338706 5
0.0728339898116 -0.42313183751 6
0.481212895729 -0.926864680928 0
-0.0131125512391 0.152563719709 9
0.23206249332 -0.854625057902 6
-0.129065442917 -1.40418662727 2
0.329492418398 -0.141328713924 8
0.530917807653 0.599266618617 9
-0.27098574246 -0.421086073818 2
0.136260906802 -0.160071652845 3
0.180576352272 -0.309398059807 3
0.105062949542 -0.600523077528 6
1.20899626355 0.785211989077 9
0.0270549288385 0.128248165753 1
-0.0350709050972 0.263375544808 4
0.187656044325 -0.203032316579 3
0.0594428914914 -0.11509860097 3
0.713725180583 -0.91658312498 0
0.463934471486 0.253374321081 7
0.241534306153 0.260633219577 7
-3.16823995074 0.832640449307 1
0.240607679177 0.375946559279 7
0.430093238107 0.296883988691 7
0.325673584424 -0.277899415225 3
0.25301832644 -0.834457326116 6
1.3421485807 7.64474949871 4
0.14670577202 0.23129279906 9
0.534375330616 -0.504080848695 5
1.96911766386 0.928179192124 4
-0.00281142629375 0.394118500064 4
-0.939879392269 -1.70992476929 2
-0.0792456595007 0.25620900636 7
1.0638278254 0.603468276042 9
0.408191838145 -0.716733912097 0
0.162071381826 0.238141281113 9
0.228926933411 -0.0725004120506 8
2.1928506183 1.04066261183 4
-0.0457533145557 1.13130560611 4
0.181905111815 0.175934610353 9
-0.285577757215 0.206438626797 1
-1.43046232048 -1.57409389375 2
3.35368482183 2.34189396259 4
0.11548821611 0.305529798149 9
0.122999594235 -0.22348122999 3
0.60594821468 -1.11462085422 0
0.0524075088546 0.232067419442 4
-0.403520547258 0.157833921683 1
0.142019823392 -0.52092573554 6
-0.456105912104 -1.00767468362 2
0.195998549384 -0.943076046322 6
0.136671532528 -0.280226014626 3
0.248536428437 0.587097290378 7
2.84652000256 1.70173607499 4
-0.23831204565 -0.627469372435 2
1.94287933555 0.195302153803 6
4.20977592969 -0.857033498184 6
0.266454932911 0.350920898256 7
-0.252655928705 0.368630087878 1
-1.96802458862 -1.30136592845 8
-0.186009682641 2.9494241492 9
0.498566519813 -0.981408597647 0
1.63154699786 9.55859998513 4
-0.359275915132 0.157608930242 1
-0.073298066809 0.878025609764 4
-0.258698935405 -0.770228593075 2
-0.383803727232 0.295866537421 1
-0.217081080702 -0.251439482424 3
0.146803661047 -0.758361040644 6
0.0734029817591 0.23859943133 4
0.0636180715589 -0.557527348171 6
0.300850236747 0.224509902234 7
0.417114332271 -0.42225656441 5
-0.167571764296 -0.193435774904 8
0.311903673584 0.453861335701 7
0.7604120599 -1.40448226327 0
0.0786758182799 -0.101348993252 5
-0.466870659153 0.137187779001 1
-0.0315471522095 0.938557401286 4
-0.0992106385411 -0.716209357652 2
-2.27389923764 -1.60269579239 8
2.97493968457 1.59192424029 4
0.237019613472 0.507806988491 7
0.370232559231 0.282560732669 7
0.133308672327 -0.19928065885 3
-0.173368617847 -0.138111611225 8
0.00166555197655 0.961001573275 4
0.132448129908 0.335804372356 9
0.25715205124 -0.378289532328 5
0.330033799876 0.0709373196874 8
1.87664120674 0.273613306164 6
0.277060038331 0.398434216892 7
0.145135120555 -0.15347343522 3
0.046049068372 0.0915077568209 4
0.124424582598 -0.468534422428 6
0.240539771951 0.264637323568 7
-0.245551230822 0.199338129194 1
0.264230934595 0.426279840646 7
-0.0510049508303 0.607448749413 4
0.148080993763 -0.308620986747 3
0.0931428378465 -0.239543998826 3
0.17286185609 0.182344430616 9
0.108610609746 -0.109025539901 8
0.0584000226097 -0.0732071746666 8
-0.364569182499 0.403852816434 1
0.552260780372 0.385956582543 8
0.0701459872967 -0.360179721777 6
0.192272532874 -0.325745794331 3
-0.438876524675 0.421794720254 1
-0.126690617115 0.11207566428 1
0.132781205932 0.0936116221168 3
-0.275857794076 -0.119370549488 5
-0.249841306858 -0.619725274603 2
0.202700022554 -0.00707821463162 8
0.241111263919 -0.666152738258 4
-0.17903587631 -0.637518998429 2
0.184469281153 0.230050235848 9
0.254186472288 0.419324503563 7
-0.27129929757 0.279540322758 1
0.0592544462564 0.443983190445 4
0.111735256494 -0.084827837898 8
-0.192168162772 -0.657726272294 2
0.103713252244 0.494454262668 9
0.0762421592514 -0.592988932905 6
3.37618325436 2.29307037406 4
-0.178236177027 0.0612569528656 1
-0.661419921736 2.26502868824 3
0.0277277694427 0.310948054372 4
-0.183984093714 -0.577112408626 2
-0.0140812376682 -0.0749041202604 5
-0.47607359667 -0.989013838096 2
-0.118296676923 -0.0810799371908 5
2.37697708655 0.0883632794567 6
-0.812938133479 -0.60747750028 8
0.427261316306 -0.80678997878 0
2.16829779256 0.0961911621815 6
-0.0824774763381 -0.33693751796 2
0.935535633342 0.640928036353 4
1.10958693847 0.887224372518 9
0.145109583669 0.43328608079 4
0.675634842874 0.369646760364 9
0.355210059873 0.426288356643 4
1.08289820193 -0.75591426972 5
-0.267464328142 0.0955723441862 1
0.308707051501 -0.515898296769 5
0.239995146862 0.0122888138965 8
0.0733689889945 0.235098305009 4
0.261699921396 0.324656852499 7
0.096195496691 -0.0964907284682 9
-0.431113791859 -0.0805633525342 5
0.0172713150278 0.0971085052257 9
-0.316325338153 -0.0681116197608 5
0.155206185671 0.442609386601 9
-0.20957503949 0.0748923815212 1
0.0302681613747 -0.0619757705007 5
-0.318507791518 -0.305873943904 8
0.312416880427 -0.247241947331 3
0.147482515779 0.292854054035 9
0.174463203609 0.224325826031 9
-0.156131603643 0.0761463418526 1
-0.130536082833 -0.189604747195 8
0.163577489821 -0.338155464709 3
0.165560677309 -0.0301830245479 8
1.56189766291 -0.051439503099 6
0.0245128953257 -0.0785454347695 5
-0.0866200561812 -1.11003360489 2
0.264019376977 0.273296227653 7
-0.694171203727 -0.840436844819 2
-1.2665329806 -0.341745327436 7
0.14805703089 -0.836768263253 6
0.525616036475 -1.01095315774 0
0.128687739876 0.394506978005 9
0.366960084088 0.495877655082 7
0.167181379072 0.237940305816 9
0.0123337285208 0.982369900632 4
0.204512436554 -0.781960291376 6
1.22761678774 -1.43322315351 0
-0.802043735283 -0.272224108918 5
0.196821107241 -0.303171590845 3
-0.276168118377 -0.130032598046 5
0.233791022215 1.05850889308 7
0.0655371044893 -0.153943417354 3
0.143834007853 0.17169539616 9
-0.0819285108782 -0.221321102929 3
0.0524519585083 -0.532250812672 6
0.31943991289 0.0622487762808 8
0.124099031223 -0.157407305658 3
-0.672916520441 0.309594188449 1
0.237593112817 0.636164376025 7
0.193691364356 -0.841013734649 6
0.241717515996 -0.407698943333 5
-0.507500035868 -0.076270032359 5
-0.0599109998733 0.226256338762 7
0.190102512517 -0.939845671446 6
0.00774880406599 -0.030957461743 5
0.0702619391152 0.0061792751153 8
-0.230919648066 -0.443697804775 2
-0.31155124484 0.101475692223 1
0.315303239906 0.291544947882 7
0.12873118101 0.275120403764 9
-0.240903861593 -0.470482482322 2
0.284399295005 0.213719277939 7
0.211591197634 -0.192856964688 3
0.141156834506 -0.621650359441 6
-0.0901829465872 0.329959281823 7
-1.36815379698 -0.864182844468 8
0.233581100685 -0.178551601261 5
0.00739924933665 -0.145096258947 3
-0.0248423934968 0.134388156296 7
0.447985164956 0.467267584567 7
0.192686617486 -0.123466248229 8
0.0809801098367 0.234829874664 4
0.784789549288 -1.69894296088 0
0.241507386749 0.228397467069 7
-0.00496920884678 -0.0108950510302 3
0.466158634242 -0.961889197376 0
0.0621853226884 -0.415776101339 6
0.144325668529 -0.297877520793 3
0.268236355948 -0.332935874986 9
0.261868292273 0.251675066816 7
-0.328929349668 0.414066163858 1
0.158849277708 0.264358024697 9
0.530914450996 -0.531215017116 5
0.0866586986216 -0.23363474235 3
0.247251913667 -0.793191948995 6
0.509351605924 -1.05032824733 0
1.22406495912 1.11529173235 9
-0.0993099635108 -0.802954199713 2
0.0970394788821 -0.0737751348988 8
2.28772611719 -3.11530651282 0
0.123193772663 -0.118422039278 9
-0.359675065045 0.0938661863342 1
5.81910747123 0.625020533263 6
1.49692212233 -2.32231539081 0
0.905940938916 -1.20714345753 0
-0.259476468116 0.0900150762112 1
-0.110153159158 0.631892209462 9
0.710934611626 -1.27144310885 0
0.715775779857 -0.992402292794 0
0.0544799375332 0.217300858651 4
-0.0570891585006 -0.531310422935 2
0.0650292647116 0.0472634924234 1
0.429153236667 3.96614201555 7
0.411244476274 -0.796982488797 0
0.117265052472 -0.141592246927 3
0.0830374180043 0.308161285081 4
0.106243951668 4.2343970511 4
0.276033623625 0.277657489887 7
0.0275091989271 -0.0736326146555 5
0.160483228752 0.285747064633 9
-0.391798388064 -0.377330792759 8
-0.440351517975 -0.872400615727 2
0.960585276241 -1.11034425639 0
0.419068684479 -0.873219552676 0
0.168963794031 8.4406254617e-05 8
0.142686126218 -0.59326709584 6
-0.0584926813204 -0.393579530607 2
-0.755593398112 -1.12277714324 2
0.312418803844 0.317401678052 7
0.155757342888 -0.77272172426 6
-0.231044403943 0.26043114061 1
-0.3361565249 -0.737674308133 2
-0.0151078672206 0.302651079072 9
-0.243548086137 -0.638888577323 2
0.157385391019 -0.538895752712 6
0.140815085362 0.464288586165 9
0.268870963877 0.363087008575 7
0.130395917638 0.553223337849 9
-0.0446155078728 0.737291329267 5
0.866545018032 -1.76228778514 0
-0.00927335176062 -0.200787785698 8
-0.561260965721 0.134759946547 1
0.0378697426994 -0.0723074064029 5
-2.0230208092 -3.55471949067 2
3.08253397052 2.29492509647 4
0.217789278292 -0.298382207067 3
0.114595236796 0.213115957425 9
0.101014735424 0.0845011372952 4
0.137247960379 0.331590703624 7
-0.252219979309 -0.0539550904678 5
3.74711039318 0.223241727125 6
0.178691820789 -0.635197848922 6
0.321686129924 1.04716205003 7
0.378560374575 0.362832598 7
1.88010011634 0.33719706263 6
-0.523315916073 -0.34514335634 8
0.547201997694 -0.493408179517 5
0.188219214997 0.151776624117 9
0.270925324314 0.29789310862 7
0.648379065594 -1.84201298741 0
4.39786708302 0.672468854497 6
-0.749060008501 0.173447597704 1
-0.0594080291248 0.323086832345 9
-0.0562132084438 -3.77952981407 2
0.244825233946 -0.279986845254 3
0.0678179077757 -0.14279931511 3
-0.317114659458 -0.143907811059 5
3.91742379552 1.90736422776 4
0.215664420104 -0.226779856425 3
-0.648992028197 -0.0925580599712 5
0.0784636386946 -0.0397107722936 8
0.269931037193 -0.762825046976 6
0.106054180963 -0.160815008295 3
0.367422060353 0.283901353796 7
-0.566083861394 -0.655228353156 2
-3.60074199819 -2.02637017202 8
3.57891805177 6.98139345369 4
0.210272191896 0.169240671269 9
-0.0921407906398 -0.0530111289552 5
0.716199615743 -1.51352358824 0
-0.508408763039 -1.09716052585 2
-0.438237082892 0.194030438916 1
-0.0482103541648 0.638543257961 4
0.108600378728 -2.57298632228 2
4.84017132459 6.96496635241 4
0.24148991586 -0.364683061322 3
-0.238045736443 0.268301653138 1
0.373449952143 0.230150817147 7
-0.435162815775 0.740790418921 1
-1.87823102344 -1.04211164583 8
0.572174091945 -0.665476089393 0
0.199762086039 0.11251236565 9
0.108976968639 -0.681229106615 6
0.192980642702 0.0828823414547 8
-0.813156488026 0.625983542677 1
0.848354350433 0.432778162854 9
0.522331598095 3.75313688729 4
0.0756732180129 0.0687124685732 4
0.16689311357 0.832718982456 9
-1.31736579242 0.52792622975 1
-0.110405355214 -0.196256885671 8
0.179132139698 0.111443639966 9
6.05612076286 1.00660781607 6
-0.248321787631 -0.0161138742162 5
0.00563846619197 -0.0496671012991 5
0.189266424867 -0.347436796543 3
0.171150606786 -0.187700187007 3
0.755844855894 -1.44687335027 0
-0.270628927746 0.425909988524 1
-0.290192870163 0.0976799863849 4
0.165715815909 -0.205040169021 3
0.220110840241 0.0923987218007 8
0.0920266691655 -0.201432956382 3
-0.451328129225 -0.0756372944238 4
-1.2306164115 -2.3454008612 2
0.774570676581 -1.41354763022 0
0.337661655303 0.372799027545 7
-0.821449605068 -0.211192251262 5
0.0361601908821 -0.104410821628 5
-1.76513000438 0.779234961488 1
0.212005764581 0.0074869245328 8
-0.285338063016 -0.0559440031008 5
0.143897445706 -0.216844047928 3
3.05278716467 1.47228982679 4
3.82774238739 0.706953747539 6
1.27637840398 -2.65794293884 0
0.0500170202805 -0.0962312540296 5
0.23077018985 0.190612772245 7
-0.014491656199 -0.451559999536 2
0.10617387348 -0.631305972137 6
9.46553644388 2.42192902678 6
0.727025898683 -1.30986988922 0
-0.641368432266 0.369047665123 1
-0.615069148827 0.153773576644 1
-0.081453492937 0.586539256057 4
0.279575877599 0.216948615333 7
0.181937021039 0.321499379808 9
0.96782183621 -1.90959385881 0
0.672537575465 -0.828950422406 0
0.174393340051 -0.585879176547 6
7.32854407508 2.11243394349 6
-3.29563642049 -1.83903640313 8
0.0478722413168 -0.398425274418 6
0.158419561426 0.143272756557 9
0.0324786452636 0.823069951138 4
-0.20691126808 -0.0559159445661 5
-0.672832612585 -0.935401658718 2
0.0917987915763 0.0756031234001 4
0.0621735888455 -0.316652235391 0
0.40587953731 0.269303157994 7
-0.00594877447846 0.0248189990519 5
0.240380413582 -0.691948629401 6
0.0278261834765 -0.109451734782 5
0.766930087325 -1.50543004252 0
-0.663890570769 4.78845464841 9
-1.46653433016 -0.775557005094 8
2.77461405238 0.89377670739 6
-1.46895240504 0.54283323233 1
0.600372356029 7.34074889135 9
0.331492582325 0.223633992274 7
0.0231517123251 -0.0491290688237 5
0.395264442518 0.266592624627 7
0.457863519802 -0.362699837131 5
-1.70940425488 0.426976821975 1
-0.235527810473 0.254204851008 1
0.145734197976 -0.332648495254 3
0.962850533598 -1.12165740672 0
-0.00564212668825 -0.937524125615 2
0.911315788978 -0.950152951553 0
0.16375882797 -0.339355509211 3
0.274431167118 -0.0922216667709 8
-2.52281233404 0.0612643056174 1
1.79935919486 0.00857101856972 6
0.0979234406528 0.083779945167 4
3.16438322411 0.151589433557 6
-0.668316951029 -3.57687433558 2
2.12909796259 0.602034606377 6
-1.27725353773 -0.20145892041 4
0.128368097126 0.00903158873134 8
-0.327198093132 -0.265025953403 8
-0.592574109191 0.865457933299 1
0.0562673384539 0.0618839208411 4
0.0430489188981 0.938252958294 4
0.2362305084 0.18596924036 7
-0.383704344769 0.509203643011 1
-0.948004523765 -4.64454353818 2
-1.05742855581 -1.07289394918 2
0.152993030983 -0.318502384093 3
-0.125317099747 0.557198884836 9
0.103791737955 -0.442844793954 6
-0.176824774019 0.318512104142 4
0.183338962935 0.199491107822 9
0.0370798101939 -0.0884912727187 5
0.166314316819 -0.529696878848 6
-0.733082868993 -1.58584260039 2
0.166507553736 -0.408468655679 3
0.128304193297 0.843024603344 9
-0.95417636736 -4.54052283529 2
2.54889481886 0.487619230885 6
-0.659082471212 -4.69410986692 2
-0.075096905098 0.219458023169 7
3.91741840084 1.76138430094 4
0.0691446715501 -0.124290621793 3
0.192503710176 -0.740537091981 6
0.0257499727627 0.750941602385 4
0.564624922079 0.271947935696 9
0.247692232896 0.232098099925 7
1.12062928295 -2.50564718085 0
-0.114031413738 -0.363346699043 2
-0.00238120327259 -0.947538365159 2
1.10737287935 0.908992768727 9
-0.308387759783 -0.0579165199709 5
-0.094897338077 0.861664836792 4
-0.167446774804 -0.0496804778287 5
0.515597122119 -0.734898301482 0
-0.989577028282 0.300405453541 1
-0.0496501526978 0.695769021748 4
0.212220806559 -0.247733117781 3
2.18180705427 0.472348738234 6
0.254473958544 -0.333155267419 3
-1.38952347237 -1.98823344506 2
0.193979684377 0.171006733219 9
0.0313727380589 0.0119209666033 7
-0.212700027843 -0.0147131044562 5
0.156963733463 -0.170853056906 3
0.427118251982 0.254057524239 7
1.22606701907 -1.31202432293 0
0.693752792387 0.404735637198 9
0.045679599368 -0.121195067236 5
-2.84901591942 -1.44694854759 8
0.123637996331 -0.215069803067 3
-0.32400320391 -3.48190352339 2
0.835130404546 -0.840156971228 0
-1.34547665801 0.189933339873 1
-0.697695014928 -0.682345256546 8
0.145279342001 -0.300891495612 3
0.417657691808 -0.652031534852 0
-1.38473908891 0.218921585678 1
-0.360624126506 -0.5428390638 2
0.120137024827 -0.245919284566 3
0.135604093197 0.924426677186 4
0.625934362844 -1.03080460967 0
0.657353697816 -0.87246919672 0
-0.449944883373 0.325636291515 1
0.410234852755 0.952579655723 7
-0.183134375028 -0.483710478226 2
0.673950198985 0.34627774967 9
0.218539948583 -0.326984392659 3
0.168161697224 0.262859488973 9
0.0423981551892 0.34120885334 4
0.0016789878135 0.0394835541256 2
-0.00473107881336 -0.0630043554197 5
0.305482053814 -0.0861755832208 8
0.0929837584633 -0.504351814548 6
0.108073787522 0.257803809301 7
0.260995729091 0.333428382225 7
0.115986704712 2.06680850336 9
-0.901192365398 -0.575663229707 8
0.880365429316 1.5729747659 9
0.00677938787003 0.164533780535 9
-1.39634716509 -1.66965365962 2
0.860216408306 -1.34147447022 0
0.812293376424 -1.01081490736 0
-0.836579448507 0.393293621729 1
0.0189073262606 0.590323008453 4
-0.245992116744 -0.662646534205 2
0.0433017835994 0.628256072096 4
0.229738629938 -0.293542124686 3
0.108787217767 0.853331653725 9
0.0515225475609 0.421736289889 4
0.0935380958086 -0.170310357511 3
-0.312097793743 -0.110360958651 5
0.24818999725 0.387100969523 7
0.0951585512123 -0.682457949541 6
-0.232983458399 -0.107044717822 5
0.258562116573 0.276901873386 7
-0.70053751584 0.71436688331 1
0.185219269796 0.0476895401798 8
0.320530663107 -0.659640659956 6
0.139790681414 0.242916470801 9
0.163537540258 -0.169863859811 3
1.04930872003 -1.36442618876 0
0.42934491884 1.6506428453 4
-1.682015618 0.978574306969 1
-0.580068886601 -0.657974127524 2
-0.33295978126 -0.667339723658 2
0.0430907103954 -0.0741811166484 5
0.184369876086 -0.32801555225 3
0.398428745691 0.806977936741 7
0.0767510755525 0.356305901109 4
-0.463042906279 0.574415467447 1
0.325794990053 0.394263224045 7
-0.0242729362341 0.0935874179403 7
-0.548309360377 -0.430978409647 8
-0.726729255427 0.484870243965 1
0.164407049228 0.228956909573 9
-0.94486090512 -0.874633061776 2
0.166892977476 -0.308976358535 3
0.0230213862729 -2.27932786192 2
0.0360415943351 0.284367621527 4
2.08353877883 -2.69026613984 0
-2.50367610142 1.35194347732 1
0.0995077235542 -0.0745770446364 8
0.0555255992126 0.175815852958 4
0.103464094773 -0.185547784451 3
0.088235606791 -0.606655230102 6
0.414583602611 -0.539810795381 5
0.0873250374635 -0.478327322905 6
-0.0567651352584 2.38912370995 4
0.287629147905 0.360807464187 7
0.38141908206 -0.498920587989 9
0.0865023423923 -0.144139077575 3
-0.299124613399 0.61775006625 1
0.146449843315 -0.244035378397 3
1.33865176657 -2.22767196743 0
-1.07296065215 -1.59601808342 2
-0.625992271356 0.339469508218 1
-0.648592276777 0.331134937299 1
0.609962783368 -0.806256370652 0
0.830571731136 0.692274501777 9
0.120330459438 0.760197980107 9
3.87068975754 2.30715835425 4
0.0852507871619 -0.418253917065 6
0.260066381403 0.302195771703 7
4.86981741681 -0.578008323799 6
0.139910303646 -0.247328702673 3
-0.360485512614 -0.134004707902 5
-0.0327619100445 -0.0613192045778 5
-0.0205830807745 0.750117973677 4
0.0807249340714 0.281181096557 4
1.67980657259 0.465301029841 6
0.118386300443 0.396228932717 9
-0.309887509331 0.516353333543 1
-0.713929627958 0.417552173282 1
0.210024599371 -0.250518257213 3
-1.38947504361 0.997180460548 1
-0.355192784742 0.392181568156 1
0.787658920519 -1.16275915055 0
0.0196808780939 -0.0693472314976 5
-0.684727121287 0.383947324985 1
-0.0180167131531 0.192191192766 4
0.040581974846 0.259577232006 4
1.4117386725 0.174636942855 6
0.126166366835 -0.640592175593 6
2.19306288814 0.438677578857 6
0.681856482685 -0.988081465635 0
-0.296779078458 0.406977780704 1
-0.195001913906 -0.490638387189 2
0.526287579908 -0.960197285822 0
0.168690624616 0.0431208642634 8
-0.38918531247 -0.610895674045 2
-1.15286678334 -1.47364055329 2
-0.824356898826 1.04456215255 1
-1.45563664512 0.872425084297 1
0.141743104025 -0.221679318929 3
0.352536571929 0.464316105836 7
0.11529500589 0.575829117681 9
0.0141399659532 -0.0539895836148 5
0.0846050658573 -0.195052969798 3
1.03209075131 -1.22203921579 0
-1.09213557783 -2.59817006795 2
1.33317236562 -1.39793733224 0
1.67260770596 0.113688496079 6
-0.309800385311 -0.508450528055 2
0.181714021528 0.222751345869 9
1.62353388008 -1.69474577979 0
0.242819675269 0.355768064163 7
0.116379047285 -0.750561877065 6
0.111014219738 0.700108253393 9
0.143752638269 0.417502197336 9
-0.660174730341 0.410639124104 1
-0.402718095971 -0.610798273197 2
0.115023535322 0.347079906902 9
0.154633790696 -0.241114383623 3
0.0544068512586 0.479318892234 4
0.261068664048 0.357085156173 7
-0.177213824288 1.09376902269 9
0.136442541022 -0.509440687673 6
0.739409688582 -0.832568460496 0
0.134894609811 0.447314071212 9
-0.157090228819 0.64357899501 4
-0.888109569139 -0.607149298149 8
0.223098313129 0.368111542216 7
0.247425765047 0.304889983262 7
0.131295633862 0.684262566645 9
-0.551422382075 -0.388591547596 8
0.142667575448 -0.450718581378 6
0.130679889336 0.353877958452 9
0.125643620866 -0.128839893759 5
-0.485104284636 -0.596962415028 2
-0.165027615287 -0.977696675439 2
-0.436353118139 -0.53862375237 2
0.203856623643 -0.181925035788 3
1.05629342268 0.915452999062 9
-1.1557181898 -0.606250699217 8
-1.62686425965 -0.952906662113 8
0.143469759737 -0.0485766515171 8
0.199054325862 -0.721260411848 6
0.0363964719456 0.40358986419 4
0.0861525393381 0.168459645863 4
2.33639275762 2.41422372574 4
0.0823622750615 0.135977317098 4
-0.694565031783 -1.55057660818 2
0.0856427616128 0.160518589345 4
2.60121518473 0.218508360156 6
0.923520296056 -1.13267004389 0
0.25362544784 0.30058737759 7
1.15054460029 -1.33213703486 0
-0.075726979474 0.271148245564 7
-0.0233731444327 -0.0658513914815 8
-0.679611282761 -1.60939594198 2
1.06291220039 -1.44488299024 0
-1.19136131252 -0.666387776234 8
0.143970119795 0.0409148027993 8
0.326260610566 -0.328697324627 3
0.117376167919 -0.503667603161 6
0.1267478516 -0.0308995290313 8
0.120213817888 -0.776815403644 6
4.73927960824 1.01808455109 6
-0.846647542702 -0.624556990205 8
0.00534420101304 -0.0801537279815 6
-0.351978999511 -0.109088985404 5
-0.586382868349 0.920874172975 1
-1.03844223778 0.573238854891 1
0.115755853487 -0.0187548215398 8
0.311753214228 0.333916653888 7
0.339410562727 -0.181692996263 8
0.143522970699 -0.272142361678 3
0.818861065568 -0.00989095371626 6
0.217404584392 0.0656334089956 8
0.135182681813 0.749510481205 9
-0.318596788532 -0.137998251805 5
0.544073655512 -0.811216563611 0
1.66673386172 -2.40457394204 0
0.952186811566 -1.02524763589 0
0.117544040138 -0.242295040341 3
-0.471656380268 -1.1422553266 2
0.151575827243 -0.527656403015 6
3.31764370295 0.983397975723 6
0.343682507599 0.314441314003 7
0.166730781886 0.0534956904651 8
0.115445662317 -0.234188370559 3
0.00266471962724 -0.0365142832278 5
-0.796668853588 0.44886540401 1
-0.0142177580812 0.378286807854 4
0.194957584921 -0.240959312849 3
-0.385249045939 -0.121778660902 5
0.157560190805 0.283699215357 9
-0.110248699265 0.454845863845 4
-0.140627209339 -0.0564440932995 5
0.496300834681 -1.49780322146 4
-3.23751650841 1.22947809041 1
-0.282636496957 0.292651096523 1
-0.0145277202281 -0.0496656576753 5
0.0515495686792 0.0986471263014 4
1.14533633123 -1.6318122624 0
0.111653929015 1.18098646677 9
0.252845841504 0.198232339529 7
-1.23374842999 1.43717743917 1
-0.614982528636 -0.810355450953 2
0.172184642382 -0.132502626673 5
0.34151906687 0.389618778498 7
-0.0550176189008 2.0544379739 9
1.24011898857 0.754669039563 4
3.02698488917 -4.20224651716 0
0.10312503862 -0.220683520905 3
1.86475851728 0.317520079294 6
-1.74373031577 0.908926054318 1
-0.00383109763498 0.102110844533 7
0.336347318948 0.291809954046 7
0.0129712981245 -0.0600770847605 5
0.129346117313 -0.467978051654 6
0.121164623828 -0.160814165053 3
0.792756563259 -1.13328763089 0
-0.35443766447 0.528137608519 1
-0.196422618493 0.141977583932 1
-0.0495382106785 1.65632239936 4
-0.128058189104 -0.689988311218 2
-0.0771528788823 0.841586676364 4
0.255562491493 -0.370944621708 3
0.898789722012 -0.408935387648 6
4.17714260617 2.55590967984 4
0.0224167236091 0.0538016440923 7
0.0368582983577 -0.0943676767674 5
0.24145242783 0.330978050566 7
2.23582403603 0.361061089845 6
-0.0457672594539 0.360244571335 9
0.426842239127 0.725875475032 7
0.00917574283009 -0.729409890413 2
0.145035202373 -0.0195986063114 8
0.00486758715949 0.182872073604 4
0.137151186567 0.792108725319 9
-1.21711961109 -0.912053822757 8
0.85855843267 -1.08878007928 0
0.283837068327 0.597661812798 7
-0.172398656344 0.0818554326072 1
-2.57149531674 0.596273801927 1
-0.057583088031 -0.690079714022 2
0.134727239994 -0.189786121396 3
0.315779398206 -0.166049480777 3
0.0380676469286 -0.119148989414 5
0.0519019785342 0.443665526158 4
0.0287745748108 -0.482693659413 6
-0.287329765065 -0.155150352627 5
0.88909989984 -1.13126731653 0
0.0953743098255 -0.657783772933 6
0.121904675841 -0.221017444495 3
0.436665928163 0.530839164422 7
0.0708049817205 -0.113855555861 3
-3.14129348209 -2.03578890901 8
-0.182884278204 -0.474079095863 2
0.024793236548 0.0150637042242 9
2.57918445381 -2.29821972525 0
0.542844222797 -0.827047545441 0
0.142637947231 0.559969611422 9
-0.361503969079 0.227493904994 1
-0.116966109402 -0.4178807164 2
-0.0533667481018 -0.793559987095 2
0.110631721466 0.543638829481 9
0.257210008511 -0.360105284079 3
0.122362817597 0.769264096882 9
0.069191212938 0.412751654991 4
3.92155640158 0.789860875033 6
0.320856975772 -0.460994327194 5
0.0908433758677 -2.02634385868 2
0.195493235676 -0.608263123743 6
0.114808551889 -0.46219243187 6
0.279564538222 0.267764326907 7
4.76935321636 1.23246099215 6
-1.51029714598 -0.915149765992 8
-0.304087044935 -0.650564675576 2
0.188420751793 0.213655150804 9
-0.861102430899 -1.2559477005 2
0.664197204524 -1.01012825001 0
0.108503546756 -0.542460643028 6
0.0558399879616 0.206194927737 7
-0.584138985257 -0.640075101613 2
0.175121514728 0.0510176217481 8
0.0719043757069 -0.393624461511 6
0.171046108459 0.357905074238 9
0.384908820958 -0.657173622193 0
0.175334462724 0.31034104133 9
0.0952847222834 -0.353974958147 6
0.611314388885 -1.00410161721 0
0.162188943657 -0.295796318789 3
-0.34519530108 0.114989394411 1
-0.347955452265 0.317449071716 1
0.0585448564996 0.350702644607 4
0.167765155934 1.22500791359 9
0.246902838814 -0.460395083075 5
0.0954053671331 -0.0713582351989 8
-0.722974567572 0.192276520442 1
4.52198226856 -3.70095998592 0
0.167349815072 -0.569313019964 6
6.44509781709 1.86612331854 6
0.24600595656 0.275181500772 7
-0.167972679842 -0.398853970535 2
0.164204646905 -0.272584181517 3
0.0342529769136 0.556831446173 4
-2.89789994232 -5.15103224317 2
0.0560008209862 -0.127638866944 3
0.138520485349 0.41840716623 9
0.838142084053 -0.875759666131 0
0.642556877258 -0.988806299849 0
-0.0183213302457 0.271727657025 4
0.247905732771 -0.431283959626 5
1.463607358 -2.04469254645 0
0.124841226086 -0.43409063924 6
0.00100216259709 0.974997115486 4
0.313211093818 0.268902309566 7
0.0329267671725 0.560248877347 4
0.152256554912 -0.338156892044 3
-0.507710310189 0.461258339665 1
0.187679086008 0.293205604199 9
0.0933080149882 -0.222794472412 3
-0.00865575758615 0.22249323859 9
0.082224244122 0.795988666551 9
0.167229459246 -0.286738980517 3
-0.909819965556 0.966864178868 1
0.113149454388 -0.0185868995164 8
0.246939458636 0.249118825812 7
-0.327743033084 0.276613385332 1
0.254037682469 0.878184850749 7
-0.0979894313058 -0.504169354147 2
0.184361093027 -0.0875975745495 8
0.171807381579 0.398431105349 9
0.131184394019 0.736615095876 9
0.0927925740977 -0.461428837762 6
-0.761655406067 -1.70951958383 2
0.26060565139 0.378466818659 7
-0.227661576885 -0.743880083637 2
0.266814428995 -0.480964250203 5
0.943123607406 -2.10390508291 0
1.70430773952 0.327805712475 6
-0.078612183516 0.272935123954 7
0.099313060841 -0.131176176009 3
0.13512164041 0.727500925098 9
0.522417301265 -0.532600585704 5
-0.178821982138 0.927481648656 9
0.821324291322 -1.38629938332 0
0.161988332889 -0.169568902255 8
0.00122178760383 -0.0769939129582 5
0.152046184545 -0.110094607452 8
0.0829521800674 0.271203911528 4
0.203182464933 0.562913040788 9
0.616128122813 -0.962421998684 0
-0.332477692071 -0.128967798548 5
0.177438914528 -0.330268268211 3
-0.460081161281 -1.04840647531 2
0.0592024226862 0.404511511433 4
0.41966977509 -0.26300546433 8
0.203941354578 0.358754188118 7
4.62285068608 2.91270511323 4
-0.451366305223 0.288210244834 1
0.0781985641181 -0.128693136315 5
0.0514247693454 0.720648620813 4
2.17479131322 0.0817297504053 6
0.229583132672 -0.369854105808 3
0.187564155416 0.517828792649 7
0.380094234085 0.442976597547 7
-0.13541406495 0.966752094376 9
0.0678106460355 -0.49675245657 6
0.149614299407 -0.693801712722 6
-0.0609457053512 -0.628923509162 2
-0.0538327682048 -0.394621880215 2
-0.227426104743 0.12959249479 1
0.203722632907 -0.388179857441 6
-0.00391410323437 -0.08049919441 5
0.0188681827803 0.148209252376 4
0.261969041605 -0.448858610922 5
0.202060092618 -0.179970634853 3
3.27756966926 -4.50159768906 0
0.0526041167804 -0.0842390090582 5
0.365754804361 -0.476294649733 5
-0.399807823697 -0.713838675211 2
1.01816415734 -1.44146784024 0
